20
20
1
219

20
20
2
269

20
25
1
145

20
25
2
239

20
30
1
35

20
30
2
435

20
35
1
1810

20
35
2
383

20
40
1
644

20
40
2
393

20
45
1
1715

20
45
2
1004

20
50
1
2445

20
50
2
1154

20
55
1
1726

20
55
2
53

20
60
1
930

20
60
2
1541

20
65
1
626

20
65
2
2473

20
70
1
314

20
70
2
2205

20
75
1
245

20
75
2
1532

20
80
1
48

20
80
2
862

20
85
1
51

20
85
2
262

20
90
1
66

20
90
2
7

20
95
1
1221

20
95
2
222

20
100
1
117

20
100
2
488

20
105
1
314

20
105
2
661

20
110
1
192

20
110
2
822

20
115
1
265

20
115
2
796

20
120
1
450

20
120
2
527

20
125
1
403

20
125
2
46

20
130
1
357

20
130
2
582

20
135
1
116

20
135
2
1115

20
140
1
50

20
140
2
1059

20
145
1
849

20
145
2
160

20
150
1
1772

20
150
2
190

20
155
1
1680

20
155
2
142

20
160
1
1189

20
160
2
191

20
165
1
1499

20
165
2
405

20
170
1
253

20
170
2
470

20
175
1
377

20
175
2
23

20
180
1
444

20
180
2
9

25
20
1
181

25
20
2
235

25
25
1
106

25
25
2
84

25
30
1
817

25
30
2
616

25
35
1
2378

25
35
2
252

25
40
1
1843

25
40
2
1752

25
45
1
2264

25
45
2
3522

25
50
1
2245

25
50
2
3887

25
55
1
1419

25
55
2
4194

25
60
1
732

25
60
2
2430

25
65
1
407

25
65
2
659

25
70
1
207

25
70
2
255

25
75
1
188

25
75
2
749

25
80
1
54

25
80
2
1087

25
85
1
152

25
85
2
1345

25
90
1
322

25
90
2
1564

25
95
1
232

25
95
2
1731

25
100
1
450

25
100
2
1853

25
105
1
735

25
105
2
1961

25
110
1
740

25
110
2
2073

25
115
1
823

25
115
2
2158

25
120
1
994

25
120
2
2151

25
125
1
1050

25
125
2
1978

25
130
1
996

25
130
2
1535

25
135
1
860

25
135
2
706

25
140
1
638

25
140
2
771

25
145
1
24

25
145
2
2479

25
150
1
977

25
150
2
2902

25
155
1
1662

25
155
2
3528

25
160
1
1944

25
160
2
2758

25
165
1
2533

25
165
2
1529

25
170
1
351

25
170
2
1198

25
175
1
361

25
175
2
488

25
180
1
416

25
180
2
400

30
20
1
142

30
20
2
215

30
25
1
45

30
25
2
467

30
30
1
2158

30
30
2
480

30
35
1
3399

30
35
2
2470

30
40
1
2025

30
40
2
3808

30
45
1
1910

30
45
2
3426

30
50
1
1298

30
50
2
3127

30
55
1
783

30
55
2
912

30
60
1
222

30
60
2
551

30
65
1
25

30
65
2
1218

30
70
1
2

30
70
2
1615

30
75
1
68

30
75
2
1894

30
80
1
68

30
80
2
2068

30
85
1
158

30
85
2
2146

30
90
1
277

30
90
2
2156

30
95
1
307

30
95
2
2129

30
100
1
348

30
100
2
2086

30
105
1
544

30
105
2
2079

30
110
1
606

30
110
2
2119

30
115
1
714

30
115
2
2212

30
120
1
939

30
120
2
2369

30
125
1
1117

30
125
2
2543

30
130
1
1293

30
130
2
2662

30
135
1
1366

30
135
2
2592

30
140
1
1256

30
140
2
2096

30
145
1
756

30
145
2
806

30
150
1
219

30
150
2
820

30
155
1
876

30
155
2
1394

30
160
1
1971

30
160
2
1921

30
165
1
3552

30
165
2
1322

30
170
1
1649

30
170
2
289

30
175
1
332

30
175
2
83

30
180
1
388

30
180
2
377

35
20
1
83

35
20
2
156

35
25
1
717

35
25
2
461

35
30
1
2822

35
30
2
1532

35
35
1
4707

35
35
2
2493

35
40
1
1852

35
40
2
2284

35
45
1
1114

35
45
2
1137

35
50
1
39

35
50
2
472

35
55
1
241

35
55
2
1810

35
60
1
172

35
60
2
2328

35
65
1
52

35
65
2
2433

35
70
1
58

35
70
2
2386

35
75
1
192

35
75
2
2197

35
80
1
162

35
80
2
1889

35
85
1
230

35
85
2
1539

35
90
1
342

35
90
2
1226

35
95
1
329

35
95
2
997

35
100
1
338

35
100
2
869

35
105
1
484

35
105
2
815

35
110
1
489

35
110
2
841

35
115
1
548

35
115
2
988

35
120
1
721

35
120
2
1248

35
125
1
902

35
125
2
1629

35
130
1
1145

35
130
2
2092

35
135
1
1396

35
135
2
2528

35
140
1
1672

35
140
2
2803

35
145
1
1992

35
145
2
2570

35
150
1
1632

35
150
2
1340

35
155
1
74

35
155
2
176

35
160
1
1695

35
160
2
924

35
165
1
4476

35
165
2
1028

35
170
1
2807

35
170
2
376

35
175
1
209

35
175
2
268

35
180
1
366

35
180
2
892

40
20
1
70

40
20
2
539

40
25
1
1988

40
25
2
600

40
30
1
3664

40
30
2
1591

40
35
1
4985

40
35
2
1399

40
40
1
1659

40
40
2
23

40
45
1
864

40
45
2
658

40
50
1
880

40
50
2
2010

40
55
1
250

40
55
2
2273

40
60
1
1

40
60
2
1841

40
65
1
160

40
65
2
1343

40
70
1
231

40
70
2
767

40
75
1
311

40
75
2
206

40
80
1
251

40
80
2
193

40
85
1
287

40
85
2
438

40
90
1
351

40
90
2
554

40
95
1
308

40
95
2
600

40
100
1
275

40
100
2
590

40
105
1
367

40
105
2
535

40
110
1
317

40
110
2
453

40
115
1
341

40
115
2
338

40
120
1
435

40
120
2
163

40
125
1
517

40
125
2
80

40
130
1
722

40
130
2
436

40
135
1
996

40
135
2
932

40
140
1
1424

40
140
2
1486

40
145
1
2088

40
145
2
1923

40
150
1
2745

40
150
2
1693

40
155
1
2287

40
155
2
522

40
160
1
831

40
160
2
264

40
165
1
4446

40
165
2
1183

40
170
1
3911

40
170
2
1189

40
175
1
1480

40
175
2
459

40
180
1
436

40
180
2
224

45
20
1
101

45
20
2
448

45
25
1
3686

45
25
2
1297

45
30
1
4429

45
30
2
1504

45
35
1
4827

45
35
2
827

45
40
1
342

45
40
2
77

45
45
1
1706

45
45
2
1152

45
50
1
683

45
50
2
1284

45
55
1
79

45
55
2
499

45
60
1
331

45
60
2
245

45
65
1
485

45
65
2
868

45
70
1
494

45
70
2
1231

45
75
1
475

45
75
2
1383

45
80
1
383

45
80
2
1430

45
85
1
375

45
85
2
1425

45
90
1
407

45
90
2
1453

45
95
1
327

45
95
2
1506

45
100
1
279

45
100
2
1561

45
105
1
284

45
105
2
1605

45
110
1
235

45
110
2
1623

45
115
1
217

45
115
2
1627

45
120
1
272

45
120
2
1590

45
125
1
229

45
125
2
1490

45
130
1
303

45
130
2
1298

45
135
1
367

45
135
2
988

45
140
1
715

45
140
2
488

45
145
1
1432

45
145
2
153

45
150
1
2519

45
150
2
590

45
155
1
3358

45
155
2
10

45
160
1
894

45
160
2
974

45
165
1
3734

45
165
2
2044

45
170
1
4395

45
170
2
2311

45
175
1
3255

45
175
2
2003

45
180
1
695

45
180
2
1253

50
20
1
1647

50
20
2
1028

50
25
1
4631

50
25
2
1592

50
30
1
3313

50
30
2
1653

50
35
1
3969

50
35
2
1531

50
40
1
1067

50
40
2
1523

50
45
1
1379

50
45
2
1454

50
50
1
246

50
50
2
2236

50
55
1
369

50
55
2
3025

50
60
1
636

50
60
2
3565

50
65
1
733

50
65
2
3971

50
70
1
658

50
70
2
4370

50
75
1
529

50
75
2
4748

50
80
1
387

50
80
2
5087

50
85
1
411

50
85
2
5396

50
90
1
422

50
90
2
5686

50
95
1
280

50
95
2
5938

50
100
1
297

50
100
2
6137

50
105
1
332

50
105
2
6296

50
110
1
316

50
110
2
6424

50
115
1
314

50
115
2
6551

50
120
1
279

50
120
2
6686

50
125
1
175

50
125
2
6759

50
130
1
177

50
130
2
6642

50
135
1
104

50
135
2
6242

50
140
1
276

50
140
2
5555

50
145
1
829

50
145
2
4504

50
150
1
1688

50
150
2
3055

50
155
1
2786

50
155
2
1739

50
160
1
1944

50
160
2
1558

50
165
1
3066

50
165
2
1798

50
170
1
2996

50
170
2
2045

50
175
1
4662

50
175
2
2694

50
180
1
533

50
180
2
2633

55
20
1
4538

55
20
2
1670

55
25
1
2798

55
25
2
1266

55
30
1
4320

55
30
2
363

55
35
1
3222

55
35
2
549

55
40
1
540

55
40
2
571

55
45
1
183

55
45
2
493

55
50
1
381

55
50
2
1784

55
55
1
644

55
55
2
2128

55
60
1
768

55
60
2
2181

55
65
1
716

55
65
2
2269

55
70
1
616

55
70
2
2366

55
75
1
456

55
75
2
2457

55
80
1
356

55
80
2
2611

55
85
1
386

55
85
2
2791

55
90
1
424

55
90
2
2942

55
95
1
298

55
95
2
3167

55
100
1
371

55
100
2
3518

55
105
1
411

55
105
2
3992

55
110
1
439

55
110
2
4589

55
115
1
480

55
115
2
5192

55
120
1
464

55
120
2
5818

55
125
1
374

55
125
2
6529

55
130
1
324

55
130
2
7423

55
135
1
177

55
135
2
8503

55
140
1
169

55
140
2
9592

55
145
1
346

55
145
2
10372

55
150
1
550

55
150
2
10344

55
155
1
880

55
155
2
9494

55
160
1
861

55
160
2
8413

55
165
1
1397

55
165
2
8487

55
170
1
2868

55
170
2
9222

55
175
1
3217

55
175
2
8781

55
180
1
3219

55
180
2
8580

60
20
1
5355

60
20
2
286

60
25
1
1239

60
25
2
692

60
30
1
4420

60
30
2
2411

60
35
1
1731

60
35
2
3171

60
40
1
176

60
40
2
6171

60
45
1
260

60
45
2
8218

60
50
1
315

60
50
2
9404

60
55
1
445

60
55
2
10381

60
60
1
686

60
60
2
10795

60
65
1
727

60
65
2
10752

60
70
1
670

60
70
2
10551

60
75
1
533

60
75
2
10372

60
80
1
430

60
80
2
10238

60
85
1
443

60
85
2
10194

60
90
1
484

60
90
2
10251

60
95
1
521

60
95
2
10347

60
100
1
378

60
100
2
10474

60
105
1
322

60
105
2
10663

60
110
1
515

60
110
2
10948

60
115
1
577

60
115
2
11378

60
120
1
578

60
120
2
11958

60
125
1
465

60
125
2
12631

60
130
1
432

60
130
2
13353

60
135
1
281

60
135
2
14060

60
140
1
305

60
140
2
14628

60
145
1
397

60
145
2
14828

60
150
1
362

60
150
2
14141

60
155
1
63

60
155
2
12128

60
160
1
134

60
160
2
10596

60
165
1
320

60
165
2
8335

60
170
1
1569

60
170
2
8945

60
175
1
1173

60
175
2
9219

60
180
1
3702

60
180
2
9024

65
20
1
3273

65
20
2
2185

65
25
1
33

65
25
2
1842

65
30
1
2669

65
30
2
1329

65
35
1
1241

65
35
2
2967

65
40
1
1069

65
40
2
6240

65
45
1
701

65
45
2
9364

65
50
1
586

65
50
2
11455

65
55
1
726

65
55
2
12979

65
60
1
975

65
60
2
13790

65
65
1
1081

65
65
2
14038

65
70
1
1083

65
70
2
13992

65
75
1
982

65
75
2
13909

65
80
1
891

65
80
2
13950

65
85
1
919

65
85
2
14155

65
90
1
961

65
90
2
14345

65
95
1
890

65
95
2
14739

65
100
1
1162

65
100
2
15440

65
105
1
190

65
105
2
16305

65
110
1
853

65
110
2
17503

65
115
1
958

65
115
2
18768

65
120
1
1032

65
120
2
20033

65
125
1
984

65
125
2
21369

65
130
1
952

65
130
2
22707

65
135
1
900

65
135
2
23835

65
140
1
972

65
140
2
24460

65
145
1
1022

65
145
2
24164

65
150
1
918

65
150
2
22458

65
155
1
244

65
155
2
19586

65
160
1
1420

65
160
2
16962

65
165
1
7

65
165
2
14002

65
170
1
677

65
170
2
12163

65
175
1
632

65
175
2
9200

65
180
1
1495

65
180
2
7612

70
20
1
2339

70
20
2
1025

70
25
1
1451

70
25
2
3908

70
30
1
1966

70
30
2
6730

70
35
1
707

70
35
2
7305

70
40
1
1356

70
40
2
7846

70
45
1
1115

70
45
2
7352

70
50
1
1183

70
50
2
6937

70
55
1
1211

70
55
2
6755

70
60
1
1163

70
60
2
6696

70
65
1
1233

70
65
2
6816

70
70
1
1228

70
70
2
7085

70
75
1
1183

70
75
2
7359

70
80
1
1145

70
80
2
7552

70
85
1
1106

70
85
2
7680

70
90
1
1161

70
90
2
7970

70
95
1
2236

70
95
2
7721

70
100
1
742

70
100
2
7757

70
105
1
231

70
105
2
7778

70
110
1
1174

70
110
2
7642

70
115
1
1208

70
115
2
7978

70
120
1
1310

70
120
2
8061

70
125
1
1272

70
125
2
8205

70
130
1
1320

70
130
2
8375

70
135
1
1407

70
135
2
8672

70
140
1
1282

70
140
2
9184

70
145
1
1073

70
145
2
9898

70
150
1
1282

70
150
2
10671

70
155
1
595

70
155
2
12039

70
160
1
1620

70
160
2
13000

70
165
1
1210

70
165
2
13725

70
170
1
47

70
170
2
15114

70
175
1
3540

70
175
2
12993

70
180
1
664

70
180
2
11937

75
20
1
1782

75
20
2
217

75
25
1
2272

75
25
2
696

75
30
1
211

75
30
2
1478

75
35
1
1161

75
35
2
17

75
40
1
660

75
40
2
540

75
45
1
1264

75
45
2
641

75
50
1
648

75
50
2
349

75
55
1
410

75
55
2
237

75
60
1
1524

75
60
2
394

75
65
1
928

75
65
2
853

75
70
1
975

75
70
2
1496

75
75
1
698

75
75
2
2071

75
80
1
763

75
80
2
2572

75
85
1
709

75
85
2
2953

75
90
1
81

75
90
2
2133

75
95
1
2162

75
95
2
2457

75
100
1
176

75
100
2
2542

75
105
1
793

75
105
2
2553

75
110
1
1171

75
110
2
3299

75
115
1
98

75
115
2
3069

75
120
1
398

75
120
2
2857

75
125
1
478

75
125
2
2535

75
130
1
360

75
130
2
2093

75
135
1
715

75
135
2
1803

75
140
1
745

75
140
2
1931

75
145
1
1599

75
145
2
2349

75
150
1
1638

75
150
2
3238

75
155
1
782

75
155
2
3642

75
160
1
503

75
160
2
3236

75
165
1
1689

75
165
2
2171

75
170
1
2021

75
170
2
597

75
175
1
3831

75
175
2
51

75
180
1
1016

75
180
2
380

80
20
1
3799

80
20
2
4477

80
25
1
3723

80
25
2
5403

80
30
1
1522

80
30
2
5568

80
35
1
1784

80
35
2
4289

80
40
1
405

80
40
2
4286

80
45
1
2005

80
45
2
3586

80
50
1
162

80
50
2
2395

80
55
1
784

80
55
2
2111

80
60
1
595

80
60
2
1385

80
65
1
474

80
65
2
1129

80
70
1
85

80
70
2
1778

80
75
1
121

80
75
2
2059

80
80
1
956

80
80
2
2526

80
85
1
902

80
85
2
2242

80
90
1
1049

80
90
2
1496

80
95
1
1868

80
95
2
1150

80
100
1
142

80
100
2
633

80
105
1
440

80
105
2
1493

80
110
1
2084

80
110
2
2572

80
115
1
679

80
115
2
3116

80
120
1
109

80
120
2
3297

80
125
1
802

80
125
2
2485

80
130
1
765

80
130
2
2071

80
135
1
94

80
135
2
1875

80
140
1
2412

80
140
2
2780

80
145
1
593

80
145
2
4051

80
150
1
169

80
150
2
4622

80
155
1
1515

80
155
2
5843

80
160
1
1508

80
160
2
5772

80
165
1
1704

80
165
2
6189

80
170
1
2231

80
170
2
6992

80
175
1
3434

80
175
2
6303

80
180
1
556

80
180
2
5981

85
20
1
6299

85
20
2
1447

85
25
1
3593

85
25
2
483

85
30
1
1251

85
30
2
1569

85
35
1
1581

85
35
2
2088

85
40
1
2093

85
40
2
3000

85
45
1
3480

85
45
2
4396

85
50
1
399

85
50
2
5485

85
55
1
711

85
55
2
5133

85
60
1
2566

85
60
2
4427

85
65
1
3030

85
65
2
2879

85
70
1
2648

85
70
2
652

85
75
1
754

85
75
2
292

85
80
1
760

85
80
2
101

85
85
1
542

85
85
2
191

85
90
1
1922

85
90
2
759

85
95
1
1871

85
95
2
1097

85
100
1
578

85
100
2
926

85
105
1
82

85
105
2
1006

85
110
1
1861

85
110
2
1061

85
115
1
426

85
115
2
1385

85
120
1
317

85
120
2
1393

85
125
1
775

85
125
2
177

85
130
1
1834

85
130
2
263

85
135
1
1690

85
135
2
2875

85
140
1
3540

85
140
2
4134

85
145
1
480

85
145
2
4052

85
150
1
24

85
150
2
4047

85
155
1
3011

85
155
2
3600

85
160
1
3515

85
160
2
4009

85
165
1
1112

85
165
2
4021

85
170
1
2433

85
170
2
3855

85
175
1
3657

85
175
2
2709

85
180
1
3390

85
180
2
4404

90
20
1
8613

90
20
2
3478

90
25
1
1522

90
25
2
3923

90
30
1
1114

90
30
2
3003

90
35
1
1353

90
35
2
1494

90
40
1
3591

90
40
2
1208

90
45
1
1983

90
45
2
1271

90
50
1
409

90
50
2
1209

90
55
1
992

90
55
2
956

90
60
1
2717

90
60
2
1680

90
65
1
5487

90
65
2
2426

90
70
1
3202

90
70
2
4048

90
75
1
828

90
75
2
5503

90
80
1
631

90
80
2
4194

90
85
1
572

90
85
2
4670

90
90
1
1951

90
90
2
4342

90
95
1
852

90
95
2
4051

90
100
1
418

90
100
2
4080

90
105
1
974

90
105
2
3537

90
110
1
1690

90
110
2
3552

90
115
1
453

90
115
2
3594

90
120
1
246

90
120
2
3104

90
125
1
3236

90
125
2
3549

90
130
1
741

90
130
2
2301

90
135
1
2782

90
135
2
228

90
140
1
3800

90
140
2
1474

90
145
1
615

90
145
2
2952

90
150
1
88

90
150
2
3465

90
155
1
1042

90
155
2
3658

90
160
1
4604

90
160
2
4591

90
165
1
512

90
165
2
5738

90
170
1
1602

90
170
2
7505

90
175
1
1345

90
175
2
7657

90
180
1
3643

90
180
2
5975

95
20
1
7911

95
20
2
2233

95
25
1
1814

95
25
2
4880

95
30
1
348

95
30
2
6479

95
35
1
420

95
35
2
6430

95
40
1
3537

95
40
2
2900

95
45
1
195

95
45
2
512

95
50
1
1356

95
50
2
3579

95
55
1
371

95
55
2
5080

95
60
1
2960

95
60
2
4284

95
65
1
6081

95
65
2
1765

95
70
1
268

95
70
2
1824

95
75
1
2828

95
75
2
3331

95
80
1
245

95
80
2
3931

95
85
1
672

95
85
2
5657

95
90
1
801

95
90
2
5041

95
95
1
185

95
95
2
4401

95
100
1
11

95
100
2
3936

95
105
1
793

95
105
2
4216

95
110
1
908

95
110
2
4578

95
115
1
649

95
115
2
4649

95
120
1
435

95
120
2
2120

95
125
1
4184

95
125
2
1840

95
130
1
2491

95
130
2
621

95
135
1
3033

95
135
2
781

95
140
1
3659

95
140
2
2814

95
145
1
372

95
145
2
2986

95
150
1
405

95
150
2
793

95
155
1
2195

95
155
2
1798

95
160
1
3404

95
160
2
4639

95
165
1
35

95
165
2
6995

95
170
1
292

95
170
2
5384

95
175
1
429

95
175
2
2937

95
180
1
2970

95
180
2
140

100
20
1
5532

100
20
2
4820

100
25
1
2802

100
25
2
5119

100
30
1
590

100
30
2
5144

100
35
1
404

100
35
2
2832

100
40
1
2266

100
40
2
1084

100
45
1
1735

100
45
2
480

100
50
1
277

100
50
2
1746

100
55
1
573

100
55
2
1924

100
60
1
1385

100
60
2
306

100
65
1
5952

100
65
2
2455

100
70
1
1510

100
70
2
4210

100
75
1
1451

100
75
2
5812

100
80
1
72

100
80
2
8753

100
85
1
206

100
85
2
8646

100
90
1
682

100
90
2
8519

100
95
1
284

100
95
2
8779

100
100
1
80

100
100
2
8904

100
105
1
656

100
105
2
9284

100
110
1
64

100
110
2
9780

100
115
1
307

100
115
2
10712

100
120
1
283

100
120
2
10284

100
125
1
2373

100
125
2
7462

100
130
1
3574

100
130
2
5532

100
135
1
2255

100
135
2
3039

100
140
1
1602

100
140
2
2026

100
145
1
168

100
145
2
2904

100
150
1
1131

100
150
2
3629

100
155
1
3516

100
155
2
3104

100
160
1
1257

100
160
2
2215

100
165
1
41

100
165
2
447

100
170
1
199

100
170
2
934

100
175
1
963

100
175
2
157

100
180
1
2113

100
180
2
48

105
20
1
4652

105
20
2
4163

105
25
1
2406

105
25
2
6613

105
30
1
363

105
30
2
9311

105
35
1
93

105
35
2
10390

105
40
1
812

105
40
2
8338

105
45
1
2801

105
45
2
6666

105
50
1
390

105
50
2
5001

105
55
1
93

105
55
2
3764

105
60
1
146

105
60
2
4709

105
65
1
3038

105
65
2
7328

105
70
1
4219

105
70
2
6575

105
75
1
1898

105
75
2
5399

105
80
1
264

105
80
2
3780

105
85
1
399

105
85
2
62

105
90
1
105

105
90
2
866

105
95
1
92

105
95
2
1258

105
100
1
205

105
100
2
1518

105
105
1
593

105
105
2
2120

105
110
1
524

105
110
2
2578

105
115
1
46

105
115
2
2254

105
120
1
512

105
120
2
617

105
125
1
2351

105
125
2
691

105
130
1
4208

105
130
2
415

105
135
1
339

105
135
2
737

105
140
1
450

105
140
2
3462

105
145
1
174

105
145
2
4075

105
150
1
800

105
150
2
2197

105
155
1
4599

105
155
2
112

105
160
1
128

105
160
2
1809

105
165
1
76

105
165
2
3440

105
170
1
371

105
170
2
2262

105
175
1
1078

105
175
2
962

105
180
1
1892

105
180
2
264

110
20
1
1836

110
20
2
83

110
25
1
1257

110
25
2
134

110
30
1
1069

110
30
2
262

110
35
1
1367

110
35
2
634

110
40
1
1516

110
40
2
803

110
45
1
634

110
45
2
155

110
50
1
332

110
50
2
172

110
55
1
171

110
55
2
702

110
60
1
175

110
60
2
1073

110
65
1
785

110
65
2
479

110
70
1
4526

110
70
2
3045

110
75
1
71

110
75
2
5587

110
80
1
250

110
80
2
8094

110
85
1
428

110
85
2
9925

110
90
1
69

110
90
2
10705

110
95
1
186

110
95
2
11362

110
100
1
317

110
100
2
11963

110
105
1
499

110
105
2
12821

110
110
1
679

110
110
2
13570

110
115
1
227

110
115
2
14035

110
120
1
604

110
120
2
12967

110
125
1
22

110
125
2
11351

110
130
1
2829

110
130
2
9884

110
135
1
472

110
135
2
8792

110
140
1
457

110
140
2
8729

110
145
1
340

110
145
2
9851

110
150
1
976

110
150
2
10958

110
155
1
2633

110
155
2
11410

110
160
1
371

110
160
2
11724

110
165
1
505

110
165
2
10882

110
170
1
113

110
170
2
10431

110
175
1
169

110
175
2
10435

110
180
1
960

110
180
2
10689

115
20
1
569

115
20
2
79

115
25
1
700

115
25
2
124

115
30
1
13

115
30
2
98

115
35
1
522

115
35
2
86

115
40
1
1033

115
40
2
485

115
45
1
939

115
45
2
1229

115
50
1
407

115
50
2
1428

115
55
1
251

115
55
2
1340

115
60
1
219

115
60
2
981

115
65
1
155

115
65
2
108

115
70
1
1174

115
70
2
453

115
75
1
2257

115
75
2
819

115
80
1
1415

115
80
2
1041

115
85
1
1295

115
85
2
1223

115
90
1
759

115
90
2
1469

115
95
1
973

115
95
2
1768

115
100
1
1081

115
100
2
2037

115
105
1
1199

115
105
2
2086

115
110
1
1394

115
110
2
2051

115
115
1
923

115
115
2
1939

115
120
1
787

115
120
2
1761

115
125
1
308

115
125
2
1643

115
130
1
206

115
130
2
1522

115
135
1
502

115
135
2
1435

115
140
1
463

115
140
2
1488

115
145
1
415

115
145
2
2000

115
150
1
821

115
150
2
2647

115
155
1
440

115
155
2
3354

115
160
1
446

115
160
2
4138

115
165
1
72

115
165
2
4357

115
170
1
57

115
170
2
4512

115
175
1
42

115
175
2
4582

115
180
1
982

115
180
2
4341

120
20
1
497

120
20
2
23

120
25
1
549

120
25
2
58

120
30
1
4

120
30
2
98

120
35
1
604

120
35
2
150

120
40
1
561

120
40
2
167

120
45
1
724

120
45
2
208

120
50
1
853

120
50
2
20

120
55
1
302

120
55
2
316

120
60
1
203

120
60
2
655

120
65
1
50

120
65
2
1012

120
70
1
76

120
70
2
1398

120
75
1
256

120
75
2
1802

120
80
1
254

120
80
2
2207

120
85
1
179

120
85
2
2569

120
90
1
18

120
90
2
2917

120
95
1
118

120
95
2
3233

120
100
1
132

120
100
2
3524

120
105
1
167

120
105
2
3728

120
110
1
226

120
110
2
3869

120
115
1
159

120
115
2
3970

120
120
1
99

120
120
2
3954

120
125
1
243

120
125
2
3938

120
130
1
205

120
130
2
3956

120
135
1
427

120
135
2
3932

120
140
1
348

120
140
2
3972

120
145
1
447

120
145
2
4067

120
150
1
76

120
150
2
4187

120
155
1
664

120
155
2
4247

120
160
1
367

120
160
2
4255

120
165
1
371

120
165
2
4253

120
170
1
160

120
170
2
4247

120
175
1
197

120
175
2
4245

120
180
1
963

120
180
2
4333

125
20
1
747

125
20
2
146

125
25
1
335

125
25
2
107

125
30
1
105

125
30
2
2

125
35
1
367

125
35
2
173

125
40
1
377

125
40
2
225

125
45
1
381

125
45
2
234

125
50
1
395

125
50
2
269

125
55
1
666

125
55
2
338

125
60
1
627

125
60
2
414

125
65
1
457

125
65
2
508

125
70
1
504

125
70
2
553

125
75
1
545

125
75
2
572

125
80
1
529

125
80
2
605

125
85
1
491

125
85
2
612

125
90
1
472

125
90
2
630

125
95
1
539

125
95
2
649

125
100
1
477

125
100
2
678

125
105
1
401

125
105
2
677

125
110
1
419

125
110
2
699

125
115
1
365

125
115
2
749

125
120
1
251

125
120
2
764

125
125
1
275

125
125
2
777

125
130
1
254

125
130
2
751

125
135
1
349

125
135
2
692

125
140
1
322

125
140
2
707

125
145
1
454

125
145
2
709

125
150
1
421

125
150
2
797

125
155
1
663

125
155
2
965

125
160
1
602

125
160
2
858

125
165
1
598

125
165
2
793

125
170
1
108

125
170
2
688

125
175
1
328

125
175
2
552

125
180
1
754

125
180
2
583

130
20
1
822

130
20
2
2190

130
25
1
88

130
25
2
2582

130
30
1
250

130
30
2
2641

130
35
1
233

130
35
2
2427

130
40
1
491

130
40
2
2107

130
45
1
555

130
45
2
1881

130
50
1
406

130
50
2
1855

130
55
1
398

130
55
2
1947

130
60
1
843

130
60
2
1978

130
65
1
133

130
65
2
1963

130
70
1
204

130
70
2
1908

130
75
1
198

130
75
2
1799

130
80
1
171

130
80
2
1728

130
85
1
125

130
85
2
1711

130
90
1
120

130
90
2
1741

130
95
1
277

130
95
2
1782

130
100
1
133

130
100
2
1802

130
105
1
39

130
105
2
1837

130
110
1
220

130
110
2
1810

130
115
1
258

130
115
2
1806

130
120
1
157

130
120
2
1831

130
125
1
205

130
125
2
1934

130
130
1
705

130
130
2
2024

130
135
1
117

130
135
2
2013

130
140
1
25

130
140
2
1889

130
145
1
470

130
145
2
1711

130
150
1
411

130
150
2
1569

130
155
1
645

130
155
2
1574

130
160
1
257

130
160
2
1932

130
165
1
71

130
165
2
2237

130
170
1
150

130
170
2
2423

130
175
1
434

130
175
2
2702

130
180
1
457

130
180
2
2305

135
20
1
796

135
20
2
932

135
25
1
462

135
25
2
896

135
30
1
777

135
30
2
976

135
35
1
1162

135
35
2
1308

135
40
1
761

135
40
2
1743

135
45
1
472

135
45
2
2285

135
50
1
306

135
50
2
2681

135
55
1
422

135
55
2
3336

135
60
1
716

135
60
2
3947

135
65
1
567

135
65
2
4287

135
70
1
583

135
70
2
4829

135
75
1
131

135
75
2
4916

135
80
1
119

135
80
2
4914

135
85
1
127

135
85
2
5179

135
90
1
143

135
90
2
5411

135
95
1
292

135
95
2
5573

135
100
1
151

135
100
2
5658

135
105
1
107

135
105
2
5744

135
110
1
184

135
110
2
5808

135
115
1
301

135
115
2
5843

135
120
1
271

135
120
2
5834

135
125
1
260

135
125
2
6193

135
130
1
1469

135
130
2
6374

135
135
1
346

135
135
2
6341

135
140
1
403

135
140
2
6515

135
145
1
459

135
145
2
6407

135
150
1
473

135
150
2
6628

135
155
1
786

135
155
2
6603

135
160
1
160

135
160
2
5886

135
165
1
1038

135
165
2
5156

135
170
1
311

135
170
2
4403

135
175
1
521

135
175
2
4108

135
180
1
159

135
180
2
4277

140
20
1
822

140
20
2
405

140
25
1
847

140
25
2
26

140
30
1
984

140
30
2
663

140
35
1
265

140
35
2
1589

140
40
1
456

140
40
2
2231

140
45
1
474

140
45
2
2983

140
50
1
330

140
50
2
2795

140
55
1
176

140
55
2
1825

140
60
1
1484

140
60
2
366

140
65
1
546

140
65
2
1101

140
70
1
1221

140
70
2
2776

140
75
1
188

140
75
2
3692

140
80
1
167

140
80
2
3978

140
85
1
181

140
85
2
4318

140
90
1
196

140
90
2
4639

140
95
1
321

140
95
2
4845

140
100
1
186

140
100
2
4911

140
105
1
144

140
105
2
5021

140
110
1
242

140
110
2
5026

140
115
1
289

140
115
2
4947

140
120
1
312

140
120
2
4826

140
125
1
271

140
125
2
4350

140
130
1
2317

140
130
2
3451

140
135
1
189

140
135
2
1872

140
140
1
288

140
140
2
519

140
145
1
652

140
145
2
680

140
150
1
463

140
150
2
1426

140
155
1
671

140
155
2
1397

140
160
1
125

140
160
2
906

140
165
1
109

140
165
2
603

140
170
1
604

140
170
2
324

140
175
1
527

140
175
2
152

140
180
1
277

140
180
2
346

145
20
1
498

145
20
2
12

145
25
1
1043

145
25
2
352

145
30
1
1147

145
30
2
1381

145
35
1
550

145
35
2
3671

145
40
1
549

145
40
2
5940

145
45
1
646

145
45
2
8288

145
50
1
170

145
50
2
9196

145
55
1
314

145
55
2
8756

145
60
1
2018

145
60
2
7718

145
65
1
856

145
65
2
7032

145
70
1
1368

145
70
2
5997

145
75
1
317

145
75
2
5751

145
80
1
281

145
80
2
6011

145
85
1
289

145
85
2
6014

145
90
1
277

145
90
2
6065

145
95
1
365

145
95
2
6193

145
100
1
282

145
100
2
6370

145
105
1
257

145
105
2
6516

145
110
1
306

145
110
2
6731

145
115
1
348

145
115
2
7025

145
120
1
363

145
120
2
7366

145
125
1
301

145
125
2
7722

145
130
1
2693

145
130
2
8456

145
135
1
817

145
135
2
10280

145
140
1
420

145
140
2
11779

145
145
1
943

145
145
2
13407

145
150
1
1060

145
150
2
14936

145
155
1
650

145
155
2
15023

145
160
1
138

145
160
2
13367

145
165
1
892

145
165
2
11615

145
170
1
844

145
170
2
9735

145
175
1
402

145
175
2
8118

145
180
1
571

145
180
2
8476

150
20
1
102

150
20
2
464

150
25
1
777

150
25
2
153

150
30
1
1091

150
30
2
472

150
35
1
587

150
35
2
438

150
40
1
182

150
40
2
234

150
45
1
533

150
45
2
212

150
50
1
169

150
50
2
236

150
55
1
104

150
55
2
297

150
60
1
2005

150
60
2
263

150
65
1
1497

150
65
2
258

150
70
1
1000

150
70
2
640

150
75
1
184

150
75
2
814

150
80
1
180

150
80
2
569

150
85
1
216

150
85
2
597

150
90
1
238

150
90
2
624

150
95
1
231

150
95
2
635

150
100
1
201

150
100
2
655

150
105
1
220

150
105
2
677

150
110
1
172

150
110
2
683

150
115
1
259

150
115
2
690

150
120
1
313

150
120
2
699

150
125
1
357

150
125
2
1114

150
130
1
2250

150
130
2
896

150
135
1
1541

150
135
2
524

150
140
1
593

150
140
2
510

150
145
1
1175

150
145
2
92

150
150
1
862

150
150
2
130

150
155
1
842

150
155
2
379

150
160
1
606

150
160
2
449

150
165
1
1381

150
165
2
728

150
170
1
990

150
170
2
750

150
175
1
79

150
175
2
789

150
180
1
703

150
180
2
1405

155
20
1
214

155
20
2
2354

155
25
1
590

155
25
2
2556

155
30
1
511

155
30
2
1895

155
35
1
1540

155
35
2
1053

155
40
1
293

155
40
2
18

155
45
1
234

155
45
2
981

155
50
1
177

155
50
2
631

155
55
1
304

155
55
2
375

155
60
1
1799

155
60
2
118

155
65
1
1087

155
65
2
87

155
70
1
806

155
70
2
99

155
75
1
10

155
75
2
276

155
80
1
46

155
80
2
445

155
85
1
69

155
85
2
447

155
90
1
79

155
90
2
529

155
95
1
83

155
95
2
609

155
100
1
25

155
100
2
655

155
105
1
14

155
105
2
619

155
110
1
21

155
110
2
545

155
115
1
48

155
115
2
461

155
120
1
39

155
120
2
434

155
125
1
68

155
125
2
136

155
130
1
1274

155
130
2
192

155
135
1
1109

155
135
2
385

155
140
1
1415

155
140
2
183

155
145
1
577

155
145
2
149

155
150
1
140

155
150
2
502

155
155
1
11

155
155
2
653

155
160
1
256

155
160
2
419

155
165
1
1784

155
165
2
1183

155
170
1
862

155
170
2
1986

155
175
1
118

155
175
2
2668

155
180
1
685

155
180
2
1969

160
20
1
208

160
20
2
3297

160
25
1
388

160
25
2
3786

160
30
1
183

160
30
2
3436

160
35
1
628

160
35
2
3302

160
40
1
137

160
40
2
3372

160
45
1
279

160
45
2
3531

160
50
1
167

160
50
2
3292

160
55
1
59

160
55
2
3679

160
60
1
1051

160
60
2
3391

160
65
1
1108

160
65
2
2997

160
70
1
243

160
70
2
2863

160
75
1
9

160
75
2
2364

160
80
1
24

160
80
2
2336

160
85
1
44

160
85
2
2354

160
90
1
59

160
90
2
2440

160
95
1
73

160
95
2
2523

160
100
1
20

160
100
2
2566

160
105
1
5

160
105
2
2536

160
110
1
6

160
110
2
2472

160
115
1
46

160
115
2
2404

160
120
1
23

160
120
2
2391

160
125
1
52

160
125
2
2469

160
130
1
474

160
130
2
2980

160
135
1
1134

160
135
2
3118

160
140
1
818

160
140
2
3586

160
145
1
295

160
145
2
3882

160
150
1
190

160
150
2
4089

160
155
1
89

160
155
2
4400

160
160
1
199

160
160
2
4453

160
165
1
670

160
165
2
4786

160
170
1
653

160
170
2
5137

160
175
1
303

160
175
2
5623

160
180
1
556

160
180
2
5608

165
20
1
62

165
20
2
22

165
25
1
186

165
25
2
23

165
30
1
154

165
30
2
72

165
35
1
431

165
35
2
41

165
40
1
31

165
40
2
11

165
45
1
204

165
45
2
5

165
50
1
197

165
50
2
73

165
55
1
124

165
55
2
79

165
60
1
664

165
60
2
89

165
65
1
433

165
65
2
99

165
70
1
5

165
70
2
78

165
75
1
25

165
75
2
54

165
80
1
13

165
80
2
45

165
85
1
29

165
85
2
42

165
90
1
58

165
90
2
42

165
95
1
66

165
95
2
42

165
100
1
10

165
100
2
41

165
105
1
13

165
105
2
40

165
110
1
16

165
110
2
40

165
115
1
34

165
115
2
40

165
120
1
7

165
120
2
41

165
125
1
45

165
125
2
51

165
130
1
93

165
130
2
92

165
135
1
564

165
135
2
113

165
140
1
140

165
140
2
123

165
145
1
422

165
145
2
133

165
150
1
158

165
150
2
96

165
155
1
533

165
155
2
31

165
160
1
327

165
160
2
26

165
165
1
17

165
165
2
19

165
170
1
329

165
170
2
32

165
175
1
352

165
175
2
82

165
180
1
375

165
180
2
85

170
20
1
22

170
20
2
47

170
25
1
19

170
25
2
47

170
30
1
20

170
30
2
20

170
35
1
113

170
35
2
20

170
40
1
38

170
40
2
20

170
45
1
29

170
45
2
20

170
50
1
15

170
50
2
41

170
55
1
36

170
55
2
41

170
60
1
26

170
60
2
41

170
65
1
27

170
65
2
41

170
70
1
32

170
70
2
41

170
75
1
16

170
75
2
41

170
80
1
20

170
80
2
41

170
85
1
20

170
85
2
41

170
90
1
21

170
90
2
41

170
95
1
20

170
95
2
41

170
100
1
21

170
100
2
41

170
105
1
19

170
105
2
41

170
110
1
19

170
110
2
41

170
115
1
19

170
115
2
41

170
120
1
20

170
120
2
41

170
125
1
21

170
125
2
41

170
130
1
30

170
130
2
41

170
135
1
54

170
135
2
41

170
140
1
11

170
140
2
41

170
145
1
20

170
145
2
41

170
150
1
32

170
150
2
24

170
155
1
133

170
155
2
10

170
160
1
127

170
160
2
10

170
165
1
178

170
165
2
10

170
170
1
20

170
170
2
4

170
175
1
20

170
175
2
35

170
180
1
20

170
180
2
35

175
20
1
32

175
20
2
10

175
25
1
25

175
25
2
25

175
30
1
20

175
30
2
1

175
35
1
105

175
35
2
1

175
40
1
54

175
40
2
1

175
45
1
20

175
45
2
1

175
50
1
20

175
50
2
23

175
55
1
20

175
55
2
23

175
60
1
20

175
60
2
23

175
65
1
20

175
65
2
23

175
70
1
20

175
70
2
23

175
75
1
20

175
75
2
23

175
80
1
20

175
80
2
23

175
85
1
20

175
85
2
23

175
90
1
20

175
90
2
23

175
95
1
20

175
95
2
23

175
100
1
20

175
100
2
23

175
105
1
20

175
105
2
23

175
110
1
20

175
110
2
23

175
115
1
20

175
115
2
23

175
120
1
20

175
120
2
23

175
125
1
20

175
125
2
23

175
130
1
20

175
130
2
23

175
135
1
20

175
135
2
23

175
140
1
20

175
140
2
23

175
145
1
20

175
145
2
23

175
150
1
20

175
150
2
8

175
155
1
103

175
155
2
14

175
160
1
126

175
160
2
14

175
165
1
141

175
165
2
14

175
170
1
20

175
170
2
1

175
175
1
20

175
175
2
13

175
180
1
20

175
180
2
13

180
20
1
27

180
20
2
12

180
25
1
8

180
25
2
14

180
30
1
3

180
30
2
4

180
35
1
35

180
35
2
0

180
40
1
11

180
40
2
0

180
45
1
16

180
45
2
0

180
50
1
21

180
50
2
0

180
55
1
23

180
55
2
0

180
60
1
20

180
60
2
0

180
65
1
19

180
65
2
0

180
70
1
16

180
70
2
0

180
75
1
20

180
75
2
0

180
80
1
20

180
80
2
0

180
85
1
20

180
85
2
0

180
90
1
13

180
90
2
0

180
95
1
27

180
95
2
0

180
100
1
20

180
100
2
0

180
105
1
20

180
105
2
0

180
110
1
21

180
110
2
0

180
115
1
16

180
115
2
0

180
120
1
28

180
120
2
0

180
125
1
16

180
125
2
0

180
130
1
24

180
130
2
0

180
135
1
22

180
135
2
0

180
140
1
33

180
140
2
0

180
145
1
24

180
145
2
0

180
150
1
21

180
150
2
12

180
155
1
62

180
155
2
43

180
160
1
88

180
160
2
43

180
165
1
21

180
165
2
43

180
170
1
92

180
170
2
36

180
175
1
174

180
175
2
10

180
180
1
237

180
180
2
14

